Raw Isol J Neigh. [ 422.  415.  421.  420.  409.  401.  416.  391.  422.  414.  398.  428.
  418.  402.  425.  414.  417.  420.  412.  481.]
Med. Isol J Neigh. 416.5
Q1: 5.25 Q3: 4.75
Raw JJ Neigh. [ 40.  42.  43.  41.  47.  45.  44.  49.  42.  42.  48.  40.  41.  46.  42.
  41.  46.  49.  38.  46.]
Med. JJ Neigh. 42.5
Q1: 1.5 Q3: 3.5
Raw JS Neigh. [ 4.  4.  3.  2.  2.  2.  4.  2.  2.  4.  4.  2.  2.  3.  4.  1.  1.  6.
  3.  3.]
Med. JS Neigh. 3.0
Q1: 1.0 Q3: 1.0
Raw SS Neigh. [ 0.  0.  0.  2.  0.  1.  0.  1.  3.  0.  1.  2.  0.  0.  0.  0.  0.  0.
  2.  1.]
Med. SS Neigh. 0.0
Q1: 0.0 Q3: 1.0
['JuMBOs', 2]
['star', 1]
