Raw Isol J Neigh. [ 316.  381.  334.  317.  320.  315.  335.  320.  319.  304.  356.  294.
  344.  320.  323.  290.  316.  352.  304.  349.]
Med. Isol J Neigh. 320.0
Q1: 4.25 Q3: 17.25
Raw JJ Neigh. [ 224.  206.  229.  230.  244.  233.  218.  224.  226.  230.  218.  243.
  230.  234.  221.  242.  228.  248.  234.  221.]
Med. JJ Neigh. 229.5
Q1: 6.25 Q3: 4.5
Raw JS Neigh. [ 0.  0.  0.  2.  0.  1.  1.  0.  0.  0.  0.  0.  1.  0.  1.  0.  1.  0.
  0.  0.]
Med. JS Neigh. 0.0
Q1: 0.0 Q3: 1.0
Raw SS Neigh. [ 0.  1.  0.  0.  0.  1.  0.  0.  2.  0.  0.  0.  0.  0.  0.  0.  0.  0.
  0.  0.]
Med. SS Neigh. 0.0
Q1: 0.0 Q3: 0.0
['JuMBOs', 2]
['star', 1]
