Raw Isol J Neigh. [ 643.  662.  634.  640.  648.  660.  645.  612.  630.  652.  629.  651.
  639.  658.  633.  616.  629.  625.  662.  605.]
Med. Isol J Neigh. 639.5
Q1: 10.5 Q3: 11.75
Raw JJ Neigh. [ 155.  143.  145.  153.  138.  141.  138.  154.  151.  139.  144.  135.
  153.  143.  149.  158.  159.  150.  146.  154.]
Med. JJ Neigh. 147.5
Q1: 5.0 Q3: 5.75
Raw JS Neigh. [ 2.  5.  3.  1.  1.  2.  3.  3.  4.  1.  4.  2.  3.  2.  1.  4.  6.  1.
  2.  3.]
Med. JS Neigh. 2.5
Q1: 0.75 Q3: 0.75
Raw SS Neigh. [ 1.  1.  1.  1.  1.  1.  3.  0.  3.  1.  2.  0.  3.  1.  2.  0.  0.  0.
  0.  1.]
Med. SS Neigh. 1.0
Q1: 1.0 Q3: 0.25
['JuMBOs', 4]
['star', 2]
